1.814072712438392
1.8120434863937989
1.8113419027067559
1.8004267303654382
1.5647685880832751
1.3101979596086495
1.203243286799245
1.139572524978531
1.095721162183207
1.0608580973303103
1.0310798024606163
1.0078870520177874
0.9849156707768165
0.9635578527625666
0.9449989003035844
0.9263763486780531
0.9114362286346875
0.896119233515761
0.8816175001401455
0.8693985223615467
0.8528989925456336
0.8393702502991282
0.8278835741777423
0.8145640802644397
0.8039693335072698
0.7928125908934188
0.7827647368368914
0.7717886558940881
0.760035919989595
0.7519898603441694
0.7424809949525684
0.7312053521373162
0.7227040561836521
0.7137884511547637
0.7048428079136786
0.6972738080337348
0.6893970312621968
0.6827876697006638
0.6741395049753983
0.6666148449570172
0.6595785563848058
0.6506299071815587
0.6457478366427576
0.6399185131221731
0.633388430560346
0.627193411873498
0.6202638796711193
0.6125598872364815
0.6084949328974831
0.6014881368652918
0.6014881368652918
