0.2504267148062233
0.25131493801350124
0.2513120355029844
0.25392155422621115
0.3847748391238631
0.4992859774078773
0.5437697087724658
0.5695252817432569
0.5866975986577404
0.599588447036678
0.6120032541234024
0.6213557231537937
0.6294919642164621
0.6382755057845952
0.6455177189133136
0.6522200304825788
0.6575319548102937
0.6642603910830108
0.6702283221665518
0.6740772899110106
0.6812846703663312
0.6863963082720815
0.6903410642859563
0.6955455881624395
0.7000941045678577
0.7047819487711343
0.7079894225191242
0.7116787419028822
0.7164188351279337
0.7198643286946782
0.7232546715238483
0.7279831539363156
0.7309961461685366
0.7353066417596786
0.7382441644474
0.7407288673087311
0.743495131015732
0.7459798341339885
0.7492627765176363
0.7515094591761222
0.7551407255049372
0.7589867896775042
0.7601217422228862
0.7620607386388111
0.7644351392370883
0.7667776100829816
0.7701011909654453
0.7729864646822578
0.7748877272467125
0.7770531343203976
0.7770531343203976
