1.7690258430788528
1.7234058906870986
1.6954175367753639
1.6670591196170432
1.6430381381082753
1.6182016767430378
1.5985834433465316
1.581751289061732
1.56484424389203
1.5492548288822823
1.5357122657553082
1.522521145988264
1.5103487710014083
1.4992017846613819
1.4876224859552933
1.4757640609991514
1.4651864339363663
1.4545387695110878
1.4437776819686912
1.434470523317853
1.4242996075438283
1.4142751542684522
1.4051835467301423
1.3957330877960958
1.3861242759904167
1.3781859814205109
1.3673690270532979
1.3588079742646366
1.3494122101161965
1.3409875538019125
1.332992239804007
1.3238297959831742
1.3139263390186766
1.3057693992522597
1.2970542749459104
1.2883470137325084
1.2799109985260444
1.2712290345939408
1.2630566631737803
1.2555083337882007
1.247441303000654
1.2392297662765264
1.2303880188024887
1.2230456275027508
1.2162918573350316
1.2053854849897103
1.1972741851189106
1.190742642386023
1.1838831634368512
1.1746320599034985
1.1746320599034985
