0.27421716563765636
0.3060161394721977
0.32130461027467166
0.3360589853126818
0.35010220186923124
0.3635910044590102
0.3729550834183825
0.3813612750601032
0.38838578580360833
0.3961882178246271
0.402893432777891
0.4093722377377679
0.4145041947093151
0.4189046731938152
0.42496839358589317
0.42996972898593777
0.43465757392573423
0.4395892452758085
0.4440709995466272
0.44823345720296687
0.4518444042021821
0.4563696986082027
0.45949009111647887
0.46452625913983364
0.46788176908202045
0.4715449642123355
0.4757103255749986
0.47901358703417546
0.48296124616110936
0.48589876883896904
0.4892368629404011
0.49427303105329057
0.4982613275202802
0.5021567378771742
0.5051523146099102
0.5085571708591772
0.5118052815083733
0.516185441134693
0.5201911540211686
0.5234421671971665
0.5260052429260084
0.5287831179843585
0.5336190002597239
0.5366784359831173
0.5392124847762616
0.5433778456933276
0.5474735419124
0.5506026424754853
0.5526229147406626
0.5561032406545872
0.5561032406545872
