1.8156863607490457
1.813422046507635
1.809941945894062
1.6940421407328299
1.4380342333417526
1.2862022689253698
1.2040129106824198
1.1491496168171753
1.1100459203723405
1.0760873615103468
1.0480644241744497
1.0229593294453174
1.0010905489241269
0.9808784931249453
0.9605244748749021
0.9422340300229303
0.9262876318509206
0.909192095290232
0.8944494088009265
0.8786467876570483
0.8664396120059817
0.8515093250857215
0.8395449316037109
0.8274464152385853
0.8129147024155878
0.8009209537885316
0.7894608114368096
0.7796091251842409
0.7681833607371636
0.7563251552762847
0.7472475618394459
0.7378875304708391
0.7265079134889876
0.7167486949650644
0.7073215280536247
0.6966756694101536
0.687571376162893
0.6794702494051613
0.6715466117738266
0.6640347473880159
0.6551047067310716
0.6483832062324068
0.6407768847157773
0.632694079372822
0.6242998446850784
0.6182398725900854
0.6110794119260081
0.6047373652641889
0.5992975479775728
0.5896980430513892
0.5896980430513892
