0.24983597508682448
0.25062478389247456
0.250750434565347
0.31624599309789725
0.4442703518960594
0.5109770458308083
0.5445956563442638
0.566832385343632
0.5825282835594823
0.5953062872139084
0.6058644574004842
0.6154662847370381
0.6241047876707889
0.6318742050855803
0.640142735430178
0.6468231787220833
0.6528509334092771
0.6589484948789779
0.6645015689655043
0.6711401276378105
0.6760405150485568
0.681038630314181
0.6868360258821621
0.6912442801236334
0.69601552652738
0.7010276022556481
0.705104277486966
0.7097533633128793
0.7136241105653923
0.718587323535813
0.7216308683927541
0.725058347314639
0.7295433876922256
0.7337980688944292
0.7366147442522712
0.7405971810703281
0.7440316399915722
0.7476929687576751
0.7502478717012604
0.7534100874738974
0.7565269291647226
0.7601568453414475
0.762823437429715
0.7645162349252653
0.7679890871870974
0.7707743500739351
0.7732803885491818
0.775255900771285
0.7779120217771541
0.7815489183795087
0.7815489183795087
